SAO Alicization/Sword Art Online Alicization OP.mp3
SAO Alicization/SAO_Alicization_WP.png
3.5
_______
0 0 0 0
0 0 0 0
0 0 0 0
_______
0 0 0 0
0 0 0 0
0 0 0 0
_______
0 0 0 0
0 0 0 0
0 0 0 0
_______
0 0 0 0
0 0 0 0
0 0 0 0
_______
0 0 0 0
0 0 0 0
0 0 0 0
_______
0 0 0 0
0 0 0 0
0 0 0 0
_______
0 0 0 0
0 0 0 0
0 0 0 0
_______
0 0 0 0
0 0 0 0
0 0 0 0
_______
0 0 0 0
0 0 0 0
0 0 0 0
_______
0 0 0 0
0 0 0 0
0 0 0 0
_______
0 0 0 0
0 0 0 0
0 0 0 0
_______
0 0 0 0
0 0 0 0
0 0 0 0
_______
0 0 0 0
0 0 0 0
0 0 0 0
_______
0 0 0 0
0 0 0 0
0 0 0 0
_______
0 0 0 0
0 0 0 0
1 0 3 0
_______
0 0 0 0
0 0 0 0
0 2 0 0
_______
0 0 0 0
0 0 0 4
0 0 0 0
_______
0 0 0 0
0 2 0 0
0 0 0 0
_______
0 0 0 0
0 0 3 0
0 0 0 0
_______
0 0 0 0
1 0 0 0
0 0 0 0
_______
0 0 0 0
0 0 0 0
0 0 0 0
_______
0 0 0 0
0 0 0 0
0 2 0 0
_______
0 0 0 4
0 0 0 0
0 0 0 0
_______
0 0 0 0
0 0 0 0
1 0 0 0
_______
0 0 0 0
0 0 0 0
0 0 3 0
_______
0 0 0 0
0 2 0 0
0 0 0 0
_______
0 0 0 0
0 0 0 4
0 0 0 0
_______
0 0 0 0
1 0 0 0
0 0 0 0
_______
0 0 0 0
1 2 0 0
0 0 0 0
_______
0 0 0 0
0 0 3 4
0 0 0 0
_______
0 0 0 0
1 0 0 0
0 0 0 0
_______
0 2 0 0
0 0 0 0
0 0 3 4
_______
0 0 0 0
0 0 0 0
0 0 0 0
_______
1 0 0 0
0 0 0 0
0 0 3 0
_______
0 0 0 0
0 0 0 0
0 0 0 0
_______
0 0 0 0
0 0 0 0
0 2 0 0
_______
0 0 0 0
0 0 0 0
1 0 0 0
_______
0 0 0 0
0 0 0 0
0 2 0 4
_______
0 0 0 0
0 2 0 0
0 0 0 0
_______
0 0 0 0
0 0 3 0
0 0 0 0
_______
0 0 0 0
0 0 0 4
0 0 0 0
_______
0 2 0 0
0 0 0 0
0 0 0 0
_______
1 0 0 0
0 0 0 0
0 2 0 0
_______
0 0 0 0
0 0 3 0
0 0 0 0
_______
0 0 0 4
0 0 0 0
1 0 0 0
_______
0 0 0 0
0 2 0 0
0 0 0 0
_______
0 0 3 0
0 0 0 0
0 0 0 4
_______
0 0 0 0
1 2 0 0
0 0 0 0
_______
0 0 3 4
0 0 0 0
1 0 0 0
_______
0 0 0 0
0 0 0 0
0 0 0 0
_______
0 0 0 4
0 0 0 0
0 0 0 0
_______
0 0 0 4
0 0 0 0
0 0 0 0
_______
1 0 3 0
0 0 0 0
0 0 0 0
_______
0 2 0 4
0 0 0 0
0 0 0 0
_______
1 0 3 0
0 0 0 0
0 0 0 0
_______
0 2 0 4
0 0 0 0
0 0 0 0
_______
1 0 3 0
0 0 0 0
0 0 0 0
_______
0 2 0 0
0 0 0 0
0 0 0 0
_______
0 0 3 0
0 0 0 0
0 0 0 0
_______
1 0 0 0
0 0 0 0
0 0 0 0
_______
0 0 0 4
0 0 0 0
0 0 0 0
_______
0 2 3 0
0 0 0 0
0 0 0 0
_______
1 0 0 4
0 0 0 0
0 0 0 0
_______
1 0 0 0
0 2 0 0
0 0 0 0
_______
0 0 0 4
0 0 0 0
0 0 0 0
_______
0 0 3 0
0 0 0 0
0 0 0 0
_______
1 0 0 0
0 0 0 0
0 0 0 0
_______
1 0 0 0
0 0 0 0
0 0 0 0
_______
0 2 0 0
0 0 0 0
0 0 0 0
_______
0 2 0 0
0 0 0 0
0 0 0 0
_______
0 0 0 0
0 0 3 0
0 0 0 0
_______
0 0 0 0
0 0 3 0
0 0 0 0
_______
0 0 0 0
0 0 0 4
0 0 0 0
_______
0 0 0 0
0 0 0 4
0 0 0 0
_______
0 0 0 0
0 0 0 0
0 0 0 0
_______
1 2 0 0
0 0 0 0
1 2 0 0
_______
0 0 0 0
0 0 0 0
0 0 0 0
_______
0 0 3 4
0 0 0 0
0 0 3 4
_______
0 0 0 0
0 0 0 0
1 0 0 0
_______
0 0 0 0
0 2 0 0
0 0 0 0
_______
0 0 0 0
0 0 3 0
0 0 0 0
_______
0 0 0 4
0 0 0 0
0 0 0 0
_______
1 0 0 0
0 0 0 0
0 0 0 0
_______
0 0 0 4
0 0 0 0
0 0 0 0
_______
1 0 0 0
0 0 0 0
0 0 3 0
_______
0 0 0 0
0 2 0 0
0 0 0 0
_______
0 0 0 4
0 0 0 0
0 2 0 0
_______
0 0 0 0
0 0 3 0
0 0 0 0
_______
1 0 0 0
0 0 0 0
0 0 3 0
_______
0 0 0 0
0 2 0 0
0 0 0 0
_______
1 0 3 0
0 0 0 0
0 0 0 4
_______
0 0 0 0
0 0 3 0
0 0 0 0
_______
1 0 0 0
0 0 0 0
0 0 0 4
_______
0 0 0 0
0 2 0 0
0 0 0 0
_______
0 0 3 0
0 0 0 0
1 0 0 0
_______
0 0 0 0
0 2 0 0
0 0 0 0
_______
0 0 0 4
0 0 0 0
0 2 0 0
_______
0 0 0 0
0 0 3 0
0 0 0 0
_______
0 0 0 0
0 0 0 4
0 0 0 0
_______
0 2 0 0
0 0 0 0
0 0 3 0
_______
0 0 0 0
1 0 0 0
0 0 0 0
_______
0 0 0 4
0 0 0 0
0 2 0 0
_______
0 0 0 0
0 0 3 0
0 0 0 0
_______
1 0 0 0
0 0 0 0
0 0 0 4
_______
0 2 0 0
0 0 0 0
0 0 3 0
_______
0 0 0 0
0 0 0 4
0 0 0 0
_______
1 0 0 0
0 0 0 0
0 2 0 0
_______
0 0 0 0
0 0 3 0
0 0 0 0
_______
0 0 0 0
0 2 0 0
0 0 0 0
_______
0 0 0 0
0 0 3 0
0 0 0 0
_______
0 0 0 0
0 0 0 4
0 0 0 0
_______
0 0 0 0
0 0 0 0
0 0 0 0
_______
0 0 0 0
0 0 0 0
0 0 0 0
_______
0 0 0 0
0 0 0 0
0 0 0 0
_______
0 0 0 0
0 0 0 0
0 0 0 0
_______
0 0 0 0
0 0 0 0
0 0 0 0
_______
0 0 0 0
0 0 0 0
0 0 0 0
_______
0 0 0 0
0 0 0 0
0 0 0 0


end
6 lines = 2 seconds
Line 1 - song file
Line 2 - Image name
Line 3 - note speed

_______
1 0 3 0
0 0 0 0
0 0 0 0
_______
0 2 0 0
0 0 0 0
0 0 3 0
_______
0 0 0 0
0 0 0 4
0 0 0 0
_______
1 0 0 0
0 0 0 0
0 0 0 0
_______
0 2 0 0
0 0 0 0
0 0 0 0
_______